# Blender 5.1.0
# www.blender.org
mtllib vendingMachine.mtl
o Part
v -0.227952 5.712289 -0.739921
v -0.227952 3.511163 -0.739921
v 2.250148 3.511163 0.690811
v 2.250148 5.712289 0.690811
v -0.227952 5.712289 -0.739921
v 2.250148 5.712289 0.690811
v 2.910485 5.712289 -0.452927
v 0.432385 5.712289 -1.883659
v -0.227952 5.712289 -0.739921
v 0.432385 5.712289 -1.883659
v 0.432385 3.511163 -1.883659
v -0.227952 3.511163 -0.739921
v 0.432385 3.511163 -1.883659
v 0.432385 5.712289 -1.883659
v 2.910485 5.712289 -0.452927
v 2.910485 3.511163 -0.452927
v 2.250148 3.511163 0.690811
v -0.227952 3.511163 -0.739921
v 0.432385 3.511163 -1.883659
v 2.910485 3.511163 -0.452927
v 2.910485 5.712289 -0.452927
v 2.250148 5.712289 0.690811
v 2.250148 3.511163 0.690811
v 2.910485 3.511163 -0.452927
vn -0.5000 -0.0000 0.8660
vn -0.0000 1.0000 -0.0000
vn -0.8660 -0.0000 -0.5000
vn 0.5000 -0.0000 -0.8660
vn -0.0000 -1.0000 -0.0000
vn 0.8660 -0.0000 0.5000
vt 0.000000 1.000000
vt 1.000000 1.000000
vt 1.000000 0.000000
vt 0.000000 0.000000
s 0
usemtl Material.006
f 1/1/1 2/2/1 3/3/1
f 3/3/1 4/4/1 1/1/1
f 5/1/2 6/2/2 7/3/2
f 7/3/2 8/4/2 5/1/2
f 9/1/3 10/2/3 11/3/3
f 11/3/3 12/4/3 9/1/3
f 13/1/4 14/2/4 15/3/4
f 15/3/4 16/4/4 13/1/4
f 17/1/5 18/2/5 19/3/5
f 19/3/5 20/4/5 17/1/5
f 21/1/6 22/2/6 23/3/6
f 23/3/6 24/4/6 21/1/6
o Part.001
v 0.652419 11.875447 -2.264823
v 0.652419 9.674321 -2.264823
v 3.130519 9.674321 -0.834092
v 3.130519 11.875447 -0.834092
v 0.652419 11.875447 -2.264823
v 3.130519 11.875447 -0.834092
v 3.790856 11.875447 -1.977829
v 1.312756 11.875447 -3.408561
v 0.652419 11.875447 -2.264823
v 1.312756 11.875447 -3.408561
v 1.312756 9.674321 -3.408561
v 0.652419 9.674321 -2.264823
v 1.312756 9.674321 -3.408561
v 1.312756 11.875447 -3.408561
v 3.790856 11.875447 -1.977829
v 3.790856 9.674321 -1.977829
v 3.130519 9.674321 -0.834092
v 0.652419 9.674321 -2.264823
v 1.312756 9.674321 -3.408561
v 3.790856 9.674321 -1.977829
v 3.790856 11.875447 -1.977829
v 3.130519 11.875447 -0.834092
v 3.130519 9.674321 -0.834092
v 3.790856 9.674321 -1.977829
vn -0.5000 -0.0000 0.8660
vn -0.0000 1.0000 -0.0000
vn -0.8660 -0.0000 -0.5000
vn 0.5000 -0.0000 -0.8660
vn -0.0000 -1.0000 -0.0000
vn 0.8660 -0.0000 0.5000
vt 0.000000 1.000000
vt 1.000000 1.000000
vt 1.000000 0.000000
vt 0.000000 0.000000
s 0
usemtl Material.004
f 25/5/7 26/6/7 27/7/7
f 27/7/7 28/8/7 25/5/7
f 29/5/8 30/6/8 31/7/8
f 31/7/8 32/8/8 29/5/8
f 33/5/9 34/6/9 35/7/9
f 35/7/9 36/8/9 33/5/9
f 37/5/10 38/6/10 39/7/10
f 39/7/10 40/8/10 37/5/10
f 41/5/11 42/6/11 43/7/11
f 43/7/11 44/8/11 41/5/11
f 45/5/12 46/6/12 47/7/12
f 47/7/12 48/8/12 45/5/12
o Part.002
v -2.612027 16.277699 1.188094
v -2.612027 3.070943 1.188094
v -1.658912 3.070943 1.738376
v -1.658912 16.277699 1.738376
v -2.612027 16.277699 1.188094
v -1.658912 16.277699 1.738376
v 2.193058 16.277699 -4.933433
v 1.239943 16.277699 -5.483714
v -2.612027 16.277699 1.188094
v 1.239943 16.277699 -5.483714
v 1.239943 3.070943 -5.483714
v -2.612027 3.070943 1.188094
v 1.239943 3.070943 -5.483714
v 1.239943 16.277699 -5.483714
v 2.193058 16.277699 -4.933433
v 2.193058 3.070943 -4.933433
v -1.658912 3.070943 1.738376
v -2.612027 3.070943 1.188094
v 1.239943 3.070943 -5.483714
v 2.193058 3.070943 -4.933433
v 2.193058 16.277699 -4.933433
v -1.658912 16.277699 1.738376
v -1.658912 3.070943 1.738376
v 2.193058 3.070943 -4.933433
vn -0.5000 -0.0000 0.8660
vn -0.0000 1.0000 -0.0000
vn -0.8660 -0.0000 -0.5000
vn 0.5000 -0.0000 -0.8660
vn -0.0000 -1.0000 -0.0000
vn 0.8660 -0.0000 0.5000
vt 0.000000 1.000000
vt 1.000000 1.000000
vt 1.000000 0.000000
vt 0.000000 0.000000
s 0
usemtl Material.001
f 49/9/13 50/10/13 51/11/13
f 51/11/13 52/12/13 49/9/13
f 53/9/14 54/10/14 55/11/14
f 55/11/14 56/12/14 53/9/14
f 57/9/15 58/10/15 59/11/15
f 59/11/15 60/12/15 57/9/15
f 61/9/16 62/10/16 63/11/16
f 63/11/16 64/12/16 61/9/16
f 65/9/17 66/10/17 67/11/17
f 67/11/17 68/12/17 65/9/17
f 69/9/18 70/10/18 71/11/18
f 71/11/18 72/12/18 69/9/18
o Part.003
v 3.967681 8.793893 -4.925345
v 3.967681 7.913438 -4.925345
v 7.589520 7.913438 -2.834275
v 7.589520 8.793893 -2.834275
v 3.967681 8.793893 -4.925345
v 7.589520 8.793893 -2.834275
v 8.910195 8.793893 -5.121752
v 5.288356 8.793893 -7.212822
v 3.967681 8.793893 -4.925345
v 5.288356 8.793893 -7.212822
v 5.288356 7.913438 -7.212822
v 3.967681 7.913438 -4.925345
v 5.288356 7.913438 -7.212822
v 5.288356 8.793893 -7.212822
v 8.910195 8.793893 -5.121752
v 8.910195 7.913438 -5.121752
v 7.589520 7.913438 -2.834275
v 3.967681 7.913438 -4.925345
v 5.288356 7.913438 -7.212822
v 8.910195 7.913438 -5.121752
v 8.910195 8.793893 -5.121752
v 7.589520 8.793893 -2.834275
v 7.589520 7.913438 -2.834275
v 8.910195 7.913438 -5.121752
vn -0.5000 -0.0000 0.8660
vn -0.0000 1.0000 -0.0000
vn -0.8660 -0.0000 -0.5000
vn 0.5000 -0.0000 -0.8660
vn -0.0000 -1.0000 -0.0000
vn 0.8660 -0.0000 0.5000
vt 0.000000 1.000000
vt 1.000000 1.000000
vt 1.000000 0.000000
vt 0.000000 0.000000
s 0
usemtl Material.002
f 73/13/19 74/14/19 75/15/19
f 75/15/19 76/16/19 73/13/19
f 77/13/20 78/14/20 79/15/20
f 79/15/20 80/16/20 77/13/20
f 81/13/21 82/14/21 83/15/21
f 83/15/21 84/16/21 81/13/21
f 85/13/22 86/14/22 87/15/22
f 87/15/22 88/16/22 85/13/22
f 89/13/23 90/14/23 91/15/23
f 91/15/23 92/16/23 89/13/23
f 93/13/24 94/14/24 95/15/24
f 95/15/24 96/16/24 93/13/24
o Part.004
v -0.227952 11.875447 -0.739921
v -0.227952 9.674321 -0.739921
v 2.250148 9.674321 0.690811
v 2.250148 11.875447 0.690811
v -0.227952 11.875447 -0.739921
v 2.250148 11.875447 0.690811
v 2.910485 11.875447 -0.452927
v 0.432385 11.875447 -1.883659
v -0.227952 11.875447 -0.739921
v 0.432385 11.875447 -1.883659
v 0.432385 9.674321 -1.883659
v -0.227952 9.674321 -0.739921
v 0.432385 9.674321 -1.883659
v 0.432385 11.875447 -1.883659
v 2.910485 11.875447 -0.452927
v 2.910485 9.674321 -0.452927
v 2.250148 9.674321 0.690811
v -0.227952 9.674321 -0.739921
v 0.432385 9.674321 -1.883659
v 2.910485 9.674321 -0.452927
v 2.910485 11.875447 -0.452927
v 2.250148 11.875447 0.690811
v 2.250148 9.674321 0.690811
v 2.910485 9.674321 -0.452927
vn -0.5000 -0.0000 0.8660
vn -0.0000 1.0000 -0.0000
vn -0.8660 -0.0000 -0.5000
vn 0.5000 -0.0000 -0.8660
vn -0.0000 -1.0000 -0.0000
vn 0.8660 -0.0000 0.5000
vt 0.000000 1.000000
vt 1.000000 1.000000
vt 1.000000 0.000000
vt 0.000000 0.000000
s 0
usemtl Material.004
f 97/17/25 98/18/25 99/19/25
f 99/19/25 100/20/25 97/17/25
f 101/17/26 102/18/26 103/19/26
f 103/19/26 104/20/26 101/17/26
f 105/17/27 106/18/27 107/19/27
f 107/19/27 108/20/27 105/17/27
f 109/17/28 110/18/28 111/19/28
f 111/19/28 112/20/28 109/17/28
f 113/17/29 114/18/29 115/19/29
f 115/19/29 116/20/29 113/17/29
f 117/17/30 118/18/30 119/19/30
f 119/19/30 120/20/30 117/17/30
o Part.005
v 0.652419 5.712289 -2.264823
v 0.652419 3.511163 -2.264823
v 3.130519 3.511163 -0.834092
v 3.130519 5.712289 -0.834092
v 0.652419 5.712289 -2.264823
v 3.130519 5.712289 -0.834092
v 3.790856 5.712289 -1.977829
v 1.312756 5.712289 -3.408561
v 0.652419 5.712289 -2.264823
v 1.312756 5.712289 -3.408561
v 1.312756 3.511163 -3.408561
v 0.652419 3.511163 -2.264823
v 1.312756 3.511163 -3.408561
v 1.312756 5.712289 -3.408561
v 3.790856 5.712289 -1.977829
v 3.790856 3.511163 -1.977829
v 3.130519 3.511163 -0.834092
v 0.652419 3.511163 -2.264823
v 1.312756 3.511163 -3.408561
v 3.790856 3.511163 -1.977829
v 3.790856 5.712289 -1.977829
v 3.130519 5.712289 -0.834092
v 3.130519 3.511163 -0.834092
v 3.790856 3.511163 -1.977829
vn -0.5000 -0.0000 0.8660
vn -0.0000 1.0000 -0.0000
vn -0.8660 -0.0000 -0.5000
vn 0.5000 -0.0000 -0.8660
vn -0.0000 -1.0000 -0.0000
vn 0.8660 -0.0000 0.5000
vt 0.000000 1.000000
vt 1.000000 1.000000
vt 1.000000 0.000000
vt 0.000000 0.000000
s 0
usemtl Material.006
f 121/21/31 122/22/31 123/23/31
f 123/23/31 124/24/31 121/21/31
f 125/21/32 126/22/32 127/23/32
f 127/23/32 128/24/32 125/21/32
f 129/21/33 130/22/33 131/23/33
f 131/23/33 132/24/33 129/21/33
f 133/21/34 134/22/34 135/23/34
f 135/23/34 136/24/34 133/21/34
f 137/21/35 138/22/35 139/23/35
f 139/23/35 140/24/35 137/21/35
f 141/21/36 142/22/36 143/23/36
f 143/23/36 144/24/36 141/21/36
o Part.006
v -1.108552 8.793885 0.785103
v -1.108552 6.592759 0.785103
v 1.369548 6.592759 2.215835
v 1.369548 8.793885 2.215835
v -1.108552 8.793885 0.785103
v 1.369548 8.793885 2.215835
v 2.029885 8.793885 1.072097
v -0.448215 8.793885 -0.358635
v -1.108552 8.793885 0.785103
v -0.448215 8.793885 -0.358635
v -0.448215 6.592759 -0.358635
v -1.108552 6.592759 0.785103
v -0.448215 6.592759 -0.358635
v -0.448215 8.793885 -0.358635
v 2.029885 8.793885 1.072097
v 2.029885 6.592759 1.072097
v 1.369548 6.592759 2.215835
v -1.108552 6.592759 0.785103
v -0.448215 6.592759 -0.358635
v 2.029885 6.592759 1.072097
v 2.029885 8.793885 1.072097
v 1.369548 8.793885 2.215835
v 1.369548 6.592759 2.215835
v 2.029885 6.592759 1.072097
vn -0.5000 -0.0000 0.8660
vn -0.0000 1.0000 -0.0000
vn -0.8660 -0.0000 -0.5000
vn 0.5000 -0.0000 -0.8660
vn -0.0000 -1.0000 -0.0000
vn 0.8660 -0.0000 0.5000
vt 0.000000 1.000000
vt 1.000000 1.000000
vt 1.000000 0.000000
vt 0.000000 0.000000
s 0
usemtl Material.005
f 145/25/37 146/26/37 147/27/37
f 147/27/37 148/28/37 145/25/37
f 149/25/38 150/26/38 151/27/38
f 151/27/38 152/28/38 149/25/38
f 153/25/39 154/26/39 155/27/39
f 155/27/39 156/28/39 153/25/39
f 157/25/40 158/26/40 159/27/40
f 159/27/40 160/28/40 157/25/40
f 161/25/41 162/26/41 163/27/41
f 163/27/41 164/28/41 161/25/41
f 165/25/42 166/26/42 167/27/42
f 167/27/42 168/28/42 165/25/42
o Part.007
v -1.108468 7.032985 0.785156
v -1.108468 6.152534 0.785156
v 1.750879 6.152534 2.436001
v 1.750879 7.032985 2.436001
v -1.108468 7.032985 0.785156
v 1.750879 7.032985 2.436001
v 5.052567 7.032985 -3.282692
v 2.193220 7.032985 -4.933537
v -1.108468 7.032985 0.785156
v 2.193220 7.032985 -4.933537
v 2.193220 6.152534 -4.933537
v -1.108468 6.152534 0.785156
v 2.193220 6.152534 -4.933537
v 2.193220 7.032985 -4.933537
v 5.052567 7.032985 -3.282692
v 5.052567 6.152534 -3.282692
v 1.750879 6.152534 2.436001
v -1.108468 6.152534 0.785156
v 2.193220 6.152534 -4.933537
v 5.052567 6.152534 -3.282692
v 5.052567 7.032985 -3.282692
v 1.750879 7.032985 2.436001
v 1.750879 6.152534 2.436001
v 5.052567 6.152534 -3.282692
vn -0.5000 -0.0000 0.8660
vn -0.0000 1.0000 -0.0000
vn -0.8660 -0.0000 -0.5000
vn 0.5000 -0.0000 -0.8660
vn -0.0000 -1.0000 -0.0000
vn 0.8660 -0.0000 0.5000
vt 0.000000 1.000000
vt 1.000000 1.000000
vt 1.000000 0.000000
vt 0.000000 0.000000
s 0
usemtl Material.002
f 169/29/43 170/30/43 171/31/43
f 171/31/43 172/32/43 169/29/43
f 173/29/44 174/30/44 175/31/44
f 175/31/44 176/32/44 173/29/44
f 177/29/45 178/30/45 179/31/45
f 179/31/45 180/32/45 177/29/45
f 181/29/46 182/30/46 183/31/46
f 183/31/46 184/32/46 181/29/46
f 185/29/47 186/30/47 187/31/47
f 187/31/47 188/32/47 185/29/47
f 189/29/48 190/30/48 191/31/48
f 191/31/48 192/32/48 189/29/48
o Part.008
v -1.108552 11.875447 0.785103
v -1.108552 9.674321 0.785103
v 1.369548 9.674321 2.215835
v 1.369548 11.875447 2.215835
v -1.108552 11.875447 0.785103
v 1.369548 11.875447 2.215835
v 2.029885 11.875447 1.072097
v -0.448215 11.875447 -0.358635
v -1.108552 11.875447 0.785103
v -0.448215 11.875447 -0.358635
v -0.448215 9.674321 -0.358635
v -1.108552 9.674321 0.785103
v -0.448215 9.674321 -0.358635
v -0.448215 11.875447 -0.358635
v 2.029885 11.875447 1.072097
v 2.029885 9.674321 1.072097
v 1.369548 9.674321 2.215835
v -1.108552 9.674321 0.785103
v -0.448215 9.674321 -0.358635
v 2.029885 9.674321 1.072097
v 2.029885 11.875447 1.072097
v 1.369548 11.875447 2.215835
v 1.369548 9.674321 2.215835
v 2.029885 9.674321 1.072097
vn -0.5000 -0.0000 0.8660
vn -0.0000 1.0000 -0.0000
vn -0.8660 -0.0000 -0.5000
vn 0.5000 -0.0000 -0.8660
vn -0.0000 -1.0000 -0.0000
vn 0.8660 -0.0000 0.5000
vt 0.000000 1.000000
vt 1.000000 1.000000
vt 1.000000 0.000000
vt 0.000000 0.000000
s 0
usemtl Material.004
f 193/33/49 194/34/49 195/35/49
f 195/35/49 196/36/49 193/33/49
f 197/33/50 198/34/50 199/35/50
f 199/35/50 200/36/50 197/33/50
f 201/33/51 202/34/51 203/35/51
f 203/35/51 204/36/51 201/33/51
f 205/33/52 206/34/52 207/35/52
f 207/35/52 208/36/52 205/33/52
f 209/33/53 210/34/53 211/35/53
f 211/35/53 212/36/53 209/33/53
f 213/33/54 214/34/54 215/35/54
f 215/35/54 216/36/54 213/33/54
o Part.009
v -1.108552 5.712289 0.785103
v -1.108552 3.511163 0.785103
v 1.369548 3.511163 2.215835
v 1.369548 5.712289 2.215835
v -1.108552 5.712289 0.785103
v 1.369548 5.712289 2.215835
v 2.029885 5.712289 1.072097
v -0.448215 5.712289 -0.358635
v -1.108552 5.712289 0.785103
v -0.448215 5.712289 -0.358635
v -0.448215 3.511163 -0.358635
v -1.108552 3.511163 0.785103
v -0.448215 3.511163 -0.358635
v -0.448215 5.712289 -0.358635
v 2.029885 5.712289 1.072097
v 2.029885 3.511163 1.072097
v 1.369548 3.511163 2.215835
v -1.108552 3.511163 0.785103
v -0.448215 3.511163 -0.358635
v 2.029885 3.511163 1.072097
v 2.029885 5.712289 1.072097
v 1.369548 5.712289 2.215835
v 1.369548 3.511163 2.215835
v 2.029885 3.511163 1.072097
vn -0.5000 -0.0000 0.8660
vn -0.0000 1.0000 -0.0000
vn -0.8660 -0.0000 -0.5000
vn 0.5000 -0.0000 -0.8660
vn -0.0000 -1.0000 -0.0000
vn 0.8660 -0.0000 0.5000
vt 0.000000 1.000000
vt 1.000000 1.000000
vt 1.000000 0.000000
vt 0.000000 0.000000
s 0
usemtl Material.006
f 217/37/55 218/38/55 219/39/55
f 219/39/55 220/40/55 217/37/55
f 221/37/56 222/38/56 223/39/56
f 223/39/56 224/40/56 221/37/56
f 225/37/57 226/38/57 227/39/57
f 227/39/57 228/40/57 225/37/57
f 229/37/58 230/38/58 231/39/58
f 231/39/58 232/40/58 229/37/58
f 233/37/59 234/38/59 235/39/59
f 235/39/59 236/40/59 233/37/59
f 237/37/60 238/38/60 239/39/60
f 239/39/60 240/40/60 237/37/60
o Part.010
v 4.348809 6.152516 -4.705304
v 4.348809 5.272062 -4.705304
v 7.589404 5.272062 -2.834346
v 7.589404 6.152516 -2.834346
v 4.348809 6.152516 -4.705304
v 7.589404 6.152516 -2.834346
v 8.910079 6.152516 -5.121822
v 5.669484 6.152516 -6.992781
v 4.348809 6.152516 -4.705304
v 5.669484 6.152516 -6.992781
v 5.669484 5.272062 -6.992781
v 4.348809 5.272062 -4.705304
v 5.669484 5.272062 -6.992781
v 5.669484 6.152516 -6.992781
v 8.910079 6.152516 -5.121822
v 8.910079 5.272062 -5.121822
v 7.589404 5.272062 -2.834346
v 4.348809 5.272062 -4.705304
v 5.669484 5.272062 -6.992781
v 8.910079 5.272062 -5.121822
v 8.910079 6.152516 -5.121822
v 7.589404 6.152516 -2.834346
v 7.589404 5.272062 -2.834346
v 8.910079 5.272062 -5.121822
vn -0.5000 -0.0000 0.8660
vn -0.0000 1.0000 -0.0000
vn -0.8660 -0.0000 -0.5000
vn 0.5000 -0.0000 -0.8660
vn -0.0000 -1.0000 -0.0000
vn 0.8660 -0.0000 0.5000
vt 0.000000 1.000000
vt 1.000000 1.000000
vt 1.000000 0.000000
vt 0.000000 0.000000
s 0
usemtl Material.002
f 241/41/61 242/42/61 243/43/61
f 243/43/61 244/44/61 241/41/61
f 245/41/62 246/42/62 247/43/62
f 247/43/62 248/44/62 245/41/62
f 249/41/63 250/42/63 251/43/63
f 251/43/63 252/44/63 249/41/63
f 253/41/64 254/42/64 255/43/64
f 255/43/64 256/44/64 253/41/64
f 257/41/65 258/42/65 259/43/65
f 259/43/65 260/44/65 257/41/65
f 261/41/66 262/42/66 263/43/66
f 263/43/66 264/44/66 261/41/66
o Part.011
v -1.108468 10.114547 0.785156
v -1.108468 9.234096 0.785156
v 1.750879 9.234096 2.436001
v 1.750879 10.114547 2.436001
v -1.108468 10.114547 0.785156
v 1.750879 10.114547 2.436001
v 5.052567 10.114547 -3.282692
v 2.193220 10.114547 -4.933537
v -1.108468 10.114547 0.785156
v 2.193220 10.114547 -4.933537
v 2.193220 9.234096 -4.933537
v -1.108468 9.234096 0.785156
v 2.193220 9.234096 -4.933537
v 2.193220 10.114547 -4.933537
v 5.052567 10.114547 -3.282692
v 5.052567 9.234096 -3.282692
v 1.750879 9.234096 2.436001
v -1.108468 9.234096 0.785156
v 2.193220 9.234096 -4.933537
v 5.052567 9.234096 -3.282692
v 5.052567 10.114547 -3.282692
v 1.750879 10.114547 2.436001
v 1.750879 9.234096 2.436001
v 5.052567 9.234096 -3.282692
vn -0.5000 -0.0000 0.8660
vn -0.0000 1.0000 -0.0000
vn -0.8660 -0.0000 -0.5000
vn 0.5000 -0.0000 -0.8660
vn -0.0000 -1.0000 -0.0000
vn 0.8660 -0.0000 0.5000
vt 0.000000 1.000000
vt 1.000000 1.000000
vt 1.000000 0.000000
vt 0.000000 0.000000
s 0
usemtl Material.002
f 265/45/67 266/46/67 267/47/67
f 267/47/67 268/48/67 265/45/67
f 269/45/68 270/46/68 271/47/68
f 271/47/68 272/48/68 269/45/68
f 273/45/69 274/46/69 275/47/69
f 275/47/69 276/48/69 273/45/69
f 277/45/70 278/46/70 279/47/70
f 279/47/70 280/48/70 277/45/70
f 281/45/71 282/46/71 283/47/71
f 283/47/71 284/48/71 281/45/71
f 285/45/72 286/46/72 287/47/72
f 287/47/72 288/48/72 285/45/72
o Part.012
v -3.162344 3.070943 2.141224
v -3.162344 0.869817 2.141224
v 2.556349 0.869817 5.442913
v 2.556349 3.070943 5.442913
v -3.162344 3.070943 2.141224
v 2.556349 3.070943 5.442913
v 9.159726 3.070943 -5.994473
v 3.441034 3.070943 -9.296162
v -3.162344 3.070943 2.141224
v 3.441034 3.070943 -9.296162
v 3.441034 0.869817 -9.296162
v -3.162344 0.869817 2.141224
v 3.441034 0.869817 -9.296162
v 3.441034 3.070943 -9.296162
v 9.159726 3.070943 -5.994473
v 9.159726 0.869817 -5.994473
v 2.556349 0.869817 5.442913
v -3.162344 0.869817 2.141224
v 3.441034 0.869817 -9.296162
v 9.159726 0.869817 -5.994473
v 9.159726 3.070943 -5.994473
v 2.556349 3.070943 5.442913
v 2.556349 0.869817 5.442913
v 9.159726 0.869817 -5.994473
vn -0.5000 -0.0000 0.8660
vn -0.0000 1.0000 -0.0000
vn -0.8660 -0.0000 -0.5000
vn 0.5000 -0.0000 -0.8660
vn -0.0000 -1.0000 -0.0000
vn 0.8660 -0.0000 0.5000
vt 0.000000 1.000000
vt 1.000000 1.000000
vt 1.000000 0.000000
vt 0.000000 0.000000
s 0
usemtl Material.001
f 289/49/73 290/50/73 291/51/73
f 291/51/73 292/52/73 289/49/73
f 293/49/74 294/50/74 295/51/74
f 295/51/74 296/52/74 293/49/74
f 297/49/75 298/50/75 299/51/75
f 299/51/75 300/52/75 297/49/75
f 301/49/76 302/50/76 303/51/76
f 303/51/76 304/52/76 301/49/76
f 305/49/77 306/50/77 307/51/77
f 307/51/77 308/52/77 305/49/77
f 309/49/78 310/50/78 311/51/78
f 311/51/78 312/52/78 309/49/78
o Part.013
v -3.162194 16.277699 2.141398
v -3.162194 3.070943 2.141398
v 2.556499 3.070943 5.443087
v 2.556499 16.277699 5.443087
v -3.162194 16.277699 2.141398
v 2.556499 16.277699 5.443087
v 3.106781 16.277699 4.489972
v -2.611912 16.277699 1.188283
v -3.162194 16.277699 2.141398
v -2.611912 16.277699 1.188283
v -2.611912 3.070943 1.188283
v -3.162194 3.070943 2.141398
v -2.611912 3.070943 1.188283
v -2.611912 16.277699 1.188283
v 3.106781 16.277699 4.489972
v 3.106781 3.070943 4.489972
v 2.556499 3.070943 5.443087
v -3.162194 3.070943 2.141398
v -2.611912 3.070943 1.188283
v 3.106781 3.070943 4.489972
v 3.106781 16.277699 4.489972
v 2.556499 16.277699 5.443087
v 2.556499 3.070943 5.443087
v 3.106781 3.070943 4.489972
vn -0.5000 -0.0000 0.8660
vn -0.0000 1.0000 -0.0000
vn -0.8660 -0.0000 -0.5000
vn 0.5000 -0.0000 -0.8660
vn -0.0000 -1.0000 -0.0000
vn 0.8660 -0.0000 0.5000
vt 0.000000 1.000000
vt 1.000000 1.000000
vt 1.000000 0.000000
vt 0.000000 0.000000
s 0
usemtl Material.001
f 313/53/79 314/54/79 315/55/79
f 315/55/79 316/56/79 313/53/79
f 317/53/80 318/54/80 319/55/80
f 319/55/80 320/56/80 317/53/80
f 321/53/81 322/54/81 323/55/81
f 323/55/81 324/56/81 321/53/81
f 325/53/82 326/54/82 327/55/82
f 327/55/82 328/56/82 325/53/82
f 329/53/83 330/54/83 331/55/83
f 331/55/83 332/56/83 329/53/83
f 333/53/84 334/54/84 335/55/84
f 335/55/84 336/56/84 333/53/84
o Part.014
v -1.108672 16.277699 0.785290
v -1.108672 15.177136 0.785290
v 3.656905 15.177136 3.536697
v 3.656905 16.277699 3.536697
v -1.108672 16.277699 0.785290
v 3.656905 16.277699 3.536697
v 6.958594 16.277699 -2.181996
v 2.193017 16.277699 -4.933403
v -1.108672 16.277699 0.785290
v 2.193017 16.277699 -4.933403
v 2.193017 15.177136 -4.933403
v -1.108672 15.177136 0.785290
v 2.193017 15.177136 -4.933403
v 2.193017 16.277699 -4.933403
v 6.958594 16.277699 -2.181996
v 6.958594 15.177136 -2.181996
v 3.656905 15.177136 3.536697
v -1.108672 15.177136 0.785290
v 2.193017 15.177136 -4.933403
v 6.958594 15.177136 -2.181996
v 6.958594 16.277699 -2.181996
v 3.656905 16.277699 3.536697
v 3.656905 15.177136 3.536697
v 6.958594 15.177136 -2.181996
vn -0.5000 -0.0000 0.8660
vn -0.0000 1.0000 -0.0000
vn -0.8660 -0.0000 -0.5000
vn 0.5000 -0.0000 -0.8660
vn -0.0000 -1.0000 -0.0000
vn 0.8660 -0.0000 0.5000
vt 0.000000 1.000000
vt 1.000000 1.000000
vt 1.000000 0.000000
vt 0.000000 0.000000
s 0
usemtl Material.002
f 337/57/85 338/58/85 339/59/85
f 339/59/85 340/60/85 337/57/85
f 341/57/86 342/58/86 343/59/86
f 343/59/86 344/60/86 341/57/86
f 345/57/87 346/58/87 347/59/87
f 347/59/87 348/60/87 345/57/87
f 349/57/88 350/58/88 351/59/88
f 351/59/88 352/60/88 349/57/88
f 353/57/89 354/58/89 355/59/89
f 355/59/89 356/60/89 353/57/89
f 357/57/90 358/58/90 359/59/90
f 359/59/90 360/60/90 357/57/90
o Part.015
v 0.652419 8.793885 -2.264823
v 0.652419 6.592759 -2.264823
v 3.130519 6.592759 -0.834092
v 3.130519 8.793885 -0.834092
v 0.652419 8.793885 -2.264823
v 3.130519 8.793885 -0.834092
v 3.790856 8.793885 -1.977829
v 1.312756 8.793885 -3.408561
v 0.652419 8.793885 -2.264823
v 1.312756 8.793885 -3.408561
v 1.312756 6.592759 -3.408561
v 0.652419 6.592759 -2.264823
v 1.312756 6.592759 -3.408561
v 1.312756 8.793885 -3.408561
v 3.790856 8.793885 -1.977829
v 3.790856 6.592759 -1.977829
v 3.130519 6.592759 -0.834092
v 0.652419 6.592759 -2.264823
v 1.312756 6.592759 -3.408561
v 3.790856 6.592759 -1.977829
v 3.790856 8.793885 -1.977829
v 3.130519 8.793885 -0.834092
v 3.130519 6.592759 -0.834092
v 3.790856 6.592759 -1.977829
vn -0.5000 -0.0000 0.8660
vn -0.0000 1.0000 -0.0000
vn -0.8660 -0.0000 -0.5000
vn 0.5000 -0.0000 -0.8660
vn -0.0000 -1.0000 -0.0000
vn 0.8660 -0.0000 0.5000
vt 0.000000 1.000000
vt 1.000000 1.000000
vt 1.000000 0.000000
vt 0.000000 0.000000
s 0
usemtl Material.005
f 361/61/91 362/62/91 363/63/91
f 363/63/91 364/64/91 361/61/91
f 365/61/92 366/62/92 367/63/92
f 367/63/92 368/64/92 365/61/92
f 369/61/93 370/62/93 371/63/93
f 371/63/93 372/64/93 369/61/93
f 373/61/94 374/62/94 375/63/94
f 375/63/94 376/64/94 373/61/94
f 377/61/95 378/62/95 379/63/95
f 379/63/95 380/64/95 377/61/95
f 381/61/96 382/62/96 383/63/96
f 383/63/96 384/64/96 381/61/96
o Part.016
v 6.123620 7.473172 -4.697589
v 6.123620 6.592718 -4.697589
v 8.029852 6.592718 -3.597025
v 8.029852 7.473172 -3.597025
v 6.123620 7.473172 -4.697589
v 8.029852 7.473172 -3.597025
v 8.470078 7.473172 -4.359518
v 6.563845 7.473172 -5.460082
v 6.123620 7.473172 -4.697589
v 6.563845 7.473172 -5.460082
v 6.563845 6.592718 -5.460082
v 6.123620 6.592718 -4.697589
v 6.563845 6.592718 -5.460082
v 6.563845 7.473172 -5.460082
v 8.470078 7.473172 -4.359518
v 8.470078 6.592718 -4.359518
v 8.029852 6.592718 -3.597025
v 6.123620 6.592718 -4.697589
v 6.563845 6.592718 -5.460082
v 8.470078 6.592718 -4.359518
v 8.470078 7.473172 -4.359518
v 8.029852 7.473172 -3.597025
v 8.029852 6.592718 -3.597025
v 8.470078 6.592718 -4.359518
vn -0.5000 -0.0000 0.8660
vn -0.0000 1.0000 -0.0000
vn -0.8660 -0.0000 -0.5000
vn 0.5000 -0.0000 -0.8660
vn -0.0000 -1.0000 -0.0000
vn 0.8660 -0.0000 0.5000
vt 0.000000 1.000000
vt 1.000000 1.000000
vt 1.000000 0.000000
vt 0.000000 0.000000
s 0
usemtl Material.007
f 385/65/97 386/66/97 387/67/97
f 387/67/97 388/68/97 385/65/97
f 389/65/98 390/66/98 391/67/98
f 391/67/98 392/68/98 389/65/98
f 393/65/99 394/66/99 395/67/99
f 395/67/99 396/68/99 393/65/99
f 397/65/100 398/66/100 399/67/100
f 399/67/100 400/68/100 397/65/100
f 401/65/101 402/66/101 403/67/101
f 403/67/101 404/68/101 401/65/101
f 405/65/102 406/66/102 407/67/102
f 407/67/102 408/68/102 405/65/102
o Part.017
v -1.658994 16.277699 1.738438
v -1.658994 3.070943 1.738438
v 3.106583 3.070943 4.489846
v 3.106583 16.277699 4.489846
v -1.658994 16.277699 1.738438
v 3.106583 16.277699 4.489846
v 3.656865 16.277699 3.536730
v -1.108712 16.277699 0.785323
v -1.658994 16.277699 1.738438
v -1.108712 16.277699 0.785323
v -1.108712 3.070943 0.785323
v -1.658994 3.070943 1.738438
v -1.108712 3.070943 0.785323
v -1.108712 16.277699 0.785323
v 3.656865 16.277699 3.536730
v 3.656865 3.070943 3.536730
v 3.106583 3.070943 4.489846
v -1.658994 3.070943 1.738438
v -1.108712 3.070943 0.785323
v 3.656865 3.070943 3.536730
v 3.656865 16.277699 3.536730
v 3.106583 16.277699 4.489846
v 3.106583 3.070943 4.489846
v 3.656865 3.070943 3.536730
vn -0.5000 -0.0000 0.8660
vn -0.0000 1.0000 -0.0000
vn -0.8660 -0.0000 -0.5000
vn 0.5000 -0.0000 -0.8660
vn -0.0000 -1.0000 -0.0000
vn 0.8660 -0.0000 0.5000
vt 0.000000 1.000000
vt 1.000000 1.000000
vt 1.000000 0.000000
vt 0.000000 0.000000
s 0
usemtl Material.002
f 409/69/103 410/70/103 411/71/103
f 411/71/103 412/72/103 409/69/103
f 413/69/104 414/70/104 415/71/104
f 415/71/104 416/72/104 413/69/104
f 417/69/105 418/70/105 419/71/105
f 419/71/105 420/72/105 417/69/105
f 421/69/106 422/70/106 423/71/106
f 423/71/106 424/72/106 421/69/106
f 425/69/107 426/70/107 427/71/107
f 427/71/107 428/72/107 425/69/107
f 429/69/108 430/70/108 431/71/108
f 431/71/108 432/72/108 429/69/108
o Part.018
v 0.652419 14.957044 -2.264823
v 0.652419 12.755918 -2.264823
v 3.130519 12.755918 -0.834092
v 3.130519 14.957044 -0.834092
v 0.652419 14.957044 -2.264823
v 3.130519 14.957044 -0.834092
v 3.790856 14.957044 -1.977829
v 1.312756 14.957044 -3.408561
v 0.652419 14.957044 -2.264823
v 1.312756 14.957044 -3.408561
v 1.312756 12.755918 -3.408561
v 0.652419 12.755918 -2.264823
v 1.312756 12.755918 -3.408561
v 1.312756 14.957044 -3.408561
v 3.790856 14.957044 -1.977829
v 3.790856 12.755918 -1.977829
v 3.130519 12.755918 -0.834092
v 0.652419 12.755918 -2.264823
v 1.312756 12.755918 -3.408561
v 3.790856 12.755918 -1.977829
v 3.790856 14.957044 -1.977829
v 3.130519 14.957044 -0.834092
v 3.130519 12.755918 -0.834092
v 3.790856 12.755918 -1.977829
vn -0.5000 -0.0000 0.8660
vn -0.0000 1.0000 -0.0000
vn -0.8660 -0.0000 -0.5000
vn 0.5000 -0.0000 -0.8660
vn -0.0000 -1.0000 -0.0000
vn 0.8660 -0.0000 0.5000
vt 0.000000 1.000000
vt 1.000000 1.000000
vt 1.000000 0.000000
vt 0.000000 0.000000
s 0
usemtl Material.003
f 433/73/109 434/74/109 435/75/109
f 435/75/109 436/76/109 433/73/109
f 437/73/110 438/74/110 439/75/110
f 439/75/110 440/76/110 437/73/110
f 441/73/111 442/74/111 443/75/111
f 443/75/111 444/76/111 441/73/111
f 445/73/112 446/74/112 447/75/112
f 447/75/112 448/76/112 445/73/112
f 449/73/113 450/74/113 451/75/113
f 451/75/113 452/76/113 449/73/113
f 453/73/114 454/74/114 455/75/114
f 455/75/114 456/76/114 453/73/114
o Part.019
v -1.108552 14.957044 0.785103
v -1.108552 12.755918 0.785103
v 1.369548 12.755918 2.215835
v 1.369548 14.957044 2.215835
v -1.108552 14.957044 0.785103
v 1.369548 14.957044 2.215835
v 2.029885 14.957044 1.072097
v -0.448215 14.957044 -0.358635
v -1.108552 14.957044 0.785103
v -0.448215 14.957044 -0.358635
v -0.448215 12.755918 -0.358635
v -1.108552 12.755918 0.785103
v -0.448215 12.755918 -0.358635
v -0.448215 14.957044 -0.358635
v 2.029885 14.957044 1.072097
v 2.029885 12.755918 1.072097
v 1.369548 12.755918 2.215835
v -1.108552 12.755918 0.785103
v -0.448215 12.755918 -0.358635
v 2.029885 12.755918 1.072097
v 2.029885 14.957044 1.072097
v 1.369548 14.957044 2.215835
v 1.369548 12.755918 2.215835
v 2.029885 12.755918 1.072097
vn -0.5000 -0.0000 0.8660
vn -0.0000 1.0000 -0.0000
vn -0.8660 -0.0000 -0.5000
vn 0.5000 -0.0000 -0.8660
vn -0.0000 -1.0000 -0.0000
vn 0.8660 -0.0000 0.5000
vt 0.000000 1.000000
vt 1.000000 1.000000
vt 1.000000 0.000000
vt 0.000000 0.000000
s 0
usemtl Material.003
f 457/77/115 458/78/115 459/79/115
f 459/79/115 460/80/115 457/77/115
f 461/77/116 462/78/116 463/79/116
f 463/79/116 464/80/116 461/77/116
f 465/77/117 466/78/117 467/79/117
f 467/79/117 468/80/117 465/77/117
f 469/77/118 470/78/118 471/79/118
f 471/79/118 472/80/118 469/77/118
f 473/77/119 474/78/119 475/79/119
f 475/79/119 476/80/119 473/77/119
f 477/77/120 478/78/120 479/79/120
f 479/79/120 480/80/120 477/77/120
o Part.020
v -0.227952 8.793885 -0.739921
v -0.227952 6.592759 -0.739921
v 2.250148 6.592759 0.690811
v 2.250148 8.793885 0.690811
v -0.227952 8.793885 -0.739921
v 2.250148 8.793885 0.690811
v 2.910485 8.793885 -0.452927
v 0.432385 8.793885 -1.883659
v -0.227952 8.793885 -0.739921
v 0.432385 8.793885 -1.883659
v 0.432385 6.592759 -1.883659
v -0.227952 6.592759 -0.739921
v 0.432385 6.592759 -1.883659
v 0.432385 8.793885 -1.883659
v 2.910485 8.793885 -0.452927
v 2.910485 6.592759 -0.452927
v 2.250148 6.592759 0.690811
v -0.227952 6.592759 -0.739921
v 0.432385 6.592759 -1.883659
v 2.910485 6.592759 -0.452927
v 2.910485 8.793885 -0.452927
v 2.250148 8.793885 0.690811
v 2.250148 6.592759 0.690811
v 2.910485 6.592759 -0.452927
vn -0.5000 -0.0000 0.8660
vn -0.0000 1.0000 -0.0000
vn -0.8660 -0.0000 -0.5000
vn 0.5000 -0.0000 -0.8660
vn -0.0000 -1.0000 -0.0000
vn 0.8660 -0.0000 0.5000
vt 0.000000 1.000000
vt 1.000000 1.000000
vt 1.000000 0.000000
vt 0.000000 0.000000
s 0
usemtl Material.005
f 481/81/121 482/82/121 483/83/121
f 483/83/121 484/84/121 481/81/121
f 485/81/122 486/82/122 487/83/122
f 487/83/122 488/84/122 485/81/122
f 489/81/123 490/82/123 491/83/123
f 491/83/123 492/84/123 489/81/123
f 493/81/124 494/82/124 495/83/124
f 495/83/124 496/84/124 493/81/124
f 497/81/125 498/82/125 499/83/125
f 499/83/125 500/84/125 497/81/125
f 501/81/126 502/82/126 503/83/126
f 503/83/126 504/84/126 501/81/126
o Part.021
v -1.108722 16.277699 0.785511
v -1.108722 3.070943 0.785511
v -0.155606 3.070943 1.335793
v -0.155606 16.277699 1.335793
v -1.108722 16.277699 0.785511
v -0.155606 16.277699 1.335793
v 3.146082 16.277699 -4.382900
v 2.192967 16.277699 -4.933182
v -1.108722 16.277699 0.785511
v 2.192967 16.277699 -4.933182
v 2.192967 3.070943 -4.933182
v -1.108722 3.070943 0.785511
v 2.192967 3.070943 -4.933182
v 2.192967 16.277699 -4.933182
v 3.146082 16.277699 -4.382900
v 3.146082 3.070943 -4.382900
v -0.155606 3.070943 1.335793
v -1.108722 3.070943 0.785511
v 2.192967 3.070943 -4.933182
v 3.146082 3.070943 -4.382900
v 3.146082 16.277699 -4.382900
v -0.155606 16.277699 1.335793
v -0.155606 3.070943 1.335793
v 3.146082 3.070943 -4.382900
vn -0.5000 -0.0000 0.8660
vn -0.0000 1.0000 -0.0000
vn -0.8660 -0.0000 -0.5000
vn 0.5000 -0.0000 -0.8660
vn -0.0000 -1.0000 -0.0000
vn 0.8660 -0.0000 0.5000
vt 0.000000 1.000000
vt 1.000000 1.000000
vt 1.000000 0.000000
vt 0.000000 0.000000
s 0
usemtl Material.002
f 505/85/127 506/86/127 507/87/127
f 507/87/127 508/88/127 505/85/127
f 509/85/128 510/86/128 511/87/128
f 511/87/128 512/88/128 509/85/128
f 513/85/129 514/86/129 515/87/129
f 515/87/129 516/88/129 513/85/129
f 517/85/130 518/86/130 519/87/130
f 519/87/130 520/88/130 517/85/130
f 521/85/131 522/86/131 523/87/131
f 523/87/131 524/88/131 521/85/131
f 525/85/132 526/86/132 527/87/132
f 527/87/132 528/88/132 525/85/132
o Part.022
v 3.777139 15.397245 -5.035671
v 3.777139 9.234089 -5.035671
v 7.589602 9.234089 -2.834545
v 7.589602 15.397245 -2.834545
v 3.777139 15.397245 -5.035671
v 7.589602 15.397245 -2.834545
v 8.910277 15.397245 -5.122022
v 5.097814 15.397245 -7.323148
v 3.777139 15.397245 -5.035671
v 5.097814 15.397245 -7.323148
v 5.097814 9.234089 -7.323148
v 3.777139 9.234089 -5.035671
v 5.097814 9.234089 -7.323148
v 5.097814 15.397245 -7.323148
v 8.910277 15.397245 -5.122022
v 8.910277 9.234089 -5.122022
v 7.589602 9.234089 -2.834545
v 3.777139 9.234089 -5.035671
v 5.097814 9.234089 -7.323148
v 8.910277 9.234089 -5.122022
v 8.910277 15.397245 -5.122022
v 7.589602 15.397245 -2.834545
v 7.589602 9.234089 -2.834545
v 8.910277 9.234089 -5.122022
vn -0.5000 -0.0000 0.8660
vn -0.0000 1.0000 -0.0000
vn -0.8660 -0.0000 -0.5000
vn 0.5000 -0.0000 -0.8660
vn -0.0000 -1.0000 -0.0000
vn 0.8660 -0.0000 0.5000
vt 0.000000 1.000000
vt 1.000000 1.000000
vt 1.000000 0.000000
vt 0.000000 0.000000
s 0
usemtl Material.002
f 529/89/133 530/90/133 531/91/133
f 531/91/133 532/92/133 529/89/133
f 533/89/134 534/90/134 535/91/134
f 535/91/134 536/92/134 533/89/134
f 537/89/135 538/90/135 539/91/135
f 539/91/135 540/92/135 537/89/135
f 541/89/136 542/90/136 543/91/136
f 543/91/136 544/92/136 541/89/136
f 545/89/137 546/90/137 547/91/137
f 547/91/137 548/92/137 545/89/137
f 549/89/138 550/90/138 551/91/138
f 551/91/138 552/92/138 549/89/138
o Part.023
v 1.239832 16.277699 -5.483616
v 1.239832 3.070943 -5.483616
v 6.958525 3.070943 -2.181927
v 6.958525 16.277699 -2.181927
v 1.239832 16.277699 -5.483616
v 6.958525 16.277699 -2.181927
v 9.159651 16.277699 -5.994390
v 3.440958 16.277699 -9.296078
v 1.239832 16.277699 -5.483616
v 3.440958 16.277699 -9.296078
v 3.440958 3.070943 -9.296078
v 1.239832 3.070943 -5.483616
v 3.440958 3.070943 -9.296078
v 3.440958 16.277699 -9.296078
v 9.159651 16.277699 -5.994390
v 9.159651 3.070943 -5.994390
v 6.958525 3.070943 -2.181927
v 1.239832 3.070943 -5.483616
v 3.440958 3.070943 -9.296078
v 9.159651 3.070943 -5.994390
v 9.159651 16.277699 -5.994390
v 6.958525 16.277699 -2.181927
v 6.958525 3.070943 -2.181927
v 9.159651 3.070943 -5.994390
vn -0.5000 -0.0000 0.8660
vn -0.0000 1.0000 -0.0000
vn -0.8660 -0.0000 -0.5000
vn 0.5000 -0.0000 -0.8660
vn -0.0000 -1.0000 -0.0000
vn 0.8660 -0.0000 0.5000
vt 0.000000 1.000000
vt 1.000000 1.000000
vt 1.000000 0.000000
vt 0.000000 0.000000
s 0
usemtl Material.001
f 553/93/139 554/94/139 555/95/139
f 555/95/139 556/96/139 553/93/139
f 557/93/140 558/94/140 559/95/140
f 559/95/140 560/96/140 557/93/140
f 561/93/141 562/94/141 563/95/141
f 563/95/141 564/96/141 561/93/141
f 565/93/142 566/94/142 567/95/142
f 567/95/142 568/96/142 565/93/142
f 569/93/143 570/94/143 571/95/143
f 571/95/143 572/96/143 569/93/143
f 573/93/144 574/94/144 575/95/144
f 575/95/144 576/96/144 573/93/144
o Part.024
v -3.162344 18.478825 2.141224
v -3.162344 16.277699 2.141224
v 2.556349 16.277699 5.442913
v 2.556349 18.478825 5.442913
v -3.162344 18.478825 2.141224
v 2.556349 18.478825 5.442913
v 9.159726 18.478825 -5.994473
v 3.441034 18.478825 -9.296162
v -3.162344 18.478825 2.141224
v 3.441034 18.478825 -9.296162
v 3.441034 16.277699 -9.296162
v -3.162344 16.277699 2.141224
v 3.441034 16.277699 -9.296162
v 3.441034 18.478825 -9.296162
v 9.159726 18.478825 -5.994473
v 9.159726 16.277699 -5.994473
v 2.556349 16.277699 5.442913
v -3.162344 16.277699 2.141224
v 3.441034 16.277699 -9.296162
v 9.159726 16.277699 -5.994473
v 9.159726 18.478825 -5.994473
v 2.556349 18.478825 5.442913
v 2.556349 16.277699 5.442913
v 9.159726 16.277699 -5.994473
vn -0.5000 -0.0000 0.8660
vn -0.0000 1.0000 -0.0000
vn -0.8660 -0.0000 -0.5000
vn 0.5000 -0.0000 -0.8660
vn -0.0000 -1.0000 -0.0000
vn 0.8660 -0.0000 0.5000
vt 0.000000 1.000000
vt 1.000000 1.000000
vt 1.000000 0.000000
vt 0.000000 0.000000
s 0
usemtl Material.001
f 577/97/145 578/98/145 579/99/145
f 579/99/145 580/100/145 577/97/145
f 581/97/146 582/98/146 583/99/146
f 583/99/146 584/100/146 581/97/146
f 585/97/147 586/98/147 587/99/147
f 587/99/147 588/100/147 585/97/147
f 589/97/148 590/98/148 591/99/148
f 591/99/148 592/100/148 589/97/148
f 593/97/149 594/98/149 595/99/149
f 595/99/149 596/100/149 593/97/149
f 597/97/150 598/98/150 599/99/150
f 599/99/150 600/100/150 597/97/150
o Part.026
v -1.108468 13.196143 0.785156
v -1.108468 12.315692 0.785156
v 1.750879 12.315692 2.436001
v 1.750879 13.196143 2.436001
v -1.108468 13.196143 0.785156
v 1.750879 13.196143 2.436001
v 5.052567 13.196143 -3.282692
v 2.193220 13.196143 -4.933537
v -1.108468 13.196143 0.785156
v 2.193220 13.196143 -4.933537
v 2.193220 12.315692 -4.933537
v -1.108468 12.315692 0.785156
v 2.193220 12.315692 -4.933537
v 2.193220 13.196143 -4.933537
v 5.052567 13.196143 -3.282692
v 5.052567 12.315692 -3.282692
v 1.750879 12.315692 2.436001
v -1.108468 12.315692 0.785156
v 2.193220 12.315692 -4.933537
v 5.052567 12.315692 -3.282692
v 5.052567 13.196143 -3.282692
v 1.750879 13.196143 2.436001
v 1.750879 12.315692 2.436001
v 5.052567 12.315692 -3.282692
vn -0.5000 -0.0000 0.8660
vn -0.0000 1.0000 -0.0000
vn -0.8660 -0.0000 -0.5000
vn 0.5000 -0.0000 -0.8660
vn -0.0000 -1.0000 -0.0000
vn 0.8660 -0.0000 0.5000
vt 0.000000 1.000000
vt 1.000000 1.000000
vt 1.000000 0.000000
vt 0.000000 0.000000
s 0
usemtl Material.002
f 601/101/151 602/102/151 603/103/151
f 603/103/151 604/104/151 601/101/151
f 605/101/152 606/102/152 607/103/152
f 607/103/152 608/104/152 605/101/152
f 609/101/153 610/102/153 611/103/153
f 611/103/153 612/104/153 609/101/153
f 613/101/154 614/102/154 615/103/154
f 615/103/154 616/104/154 613/101/154
f 617/101/155 618/102/155 619/103/155
f 619/103/155 620/104/155 617/101/155
f 621/101/156 622/102/156 623/103/156
f 623/103/156 624/104/156 621/101/156
o Part.027
v -1.108672 4.171506 0.785290
v -1.108672 3.070943 0.785290
v 3.656905 3.070943 3.536697
v 3.656905 4.171506 3.536697
v -1.108672 4.171506 0.785290
v 3.656905 4.171506 3.536697
v 6.958594 4.171506 -2.181996
v 2.193017 4.171506 -4.933403
v -1.108672 4.171506 0.785290
v 2.193017 4.171506 -4.933403
v 2.193017 3.070943 -4.933403
v -1.108672 3.070943 0.785290
v 2.193017 3.070943 -4.933403
v 2.193017 4.171506 -4.933403
v 6.958594 4.171506 -2.181996
v 6.958594 3.070943 -2.181996
v 3.656905 3.070943 3.536697
v -1.108672 3.070943 0.785290
v 2.193017 3.070943 -4.933403
v 6.958594 3.070943 -2.181996
v 6.958594 4.171506 -2.181996
v 3.656905 4.171506 3.536697
v 3.656905 3.070943 3.536697
v 6.958594 3.070943 -2.181996
vn -0.5000 -0.0000 0.8660
vn -0.0000 1.0000 -0.0000
vn -0.8660 -0.0000 -0.5000
vn 0.5000 -0.0000 -0.8660
vn -0.0000 -1.0000 -0.0000
vn 0.8660 -0.0000 0.5000
vt 0.000000 1.000000
vt 1.000000 1.000000
vt 1.000000 0.000000
vt 0.000000 0.000000
s 0
usemtl Material.002
f 625/105/157 626/106/157 627/107/157
f 627/107/157 628/108/157 625/105/157
f 629/105/158 630/106/158 631/107/158
f 631/107/158 632/108/158 629/105/158
f 633/105/159 634/106/159 635/107/159
f 635/107/159 636/108/159 633/105/159
f 637/105/160 638/106/160 639/107/160
f 639/107/160 640/108/160 637/105/160
f 641/105/161 642/106/161 643/107/161
f 643/107/161 644/108/161 641/105/161
f 645/105/162 646/106/162 647/107/162
f 647/107/162 648/108/162 645/105/162
o Part.028
v 1.642764 16.277699 -3.980311
v 1.642764 3.070943 -3.980311
v 6.408341 3.070943 -1.228904
v 6.408341 16.277699 -1.228904
v 1.642764 16.277699 -3.980311
v 6.408341 16.277699 -1.228904
v 6.958623 16.277699 -2.182019
v 2.193046 16.277699 -4.933427
v 1.642764 16.277699 -3.980311
v 2.193046 16.277699 -4.933427
v 2.193046 3.070943 -4.933427
v 1.642764 3.070943 -3.980311
v 2.193046 3.070943 -4.933427
v 2.193046 16.277699 -4.933427
v 6.958623 16.277699 -2.182019
v 6.958623 3.070943 -2.182019
v 6.408341 3.070943 -1.228904
v 1.642764 3.070943 -3.980311
v 2.193046 3.070943 -4.933427
v 6.958623 3.070943 -2.182019
v 6.958623 16.277699 -2.182019
v 6.408341 16.277699 -1.228904
v 6.408341 3.070943 -1.228904
v 6.958623 3.070943 -2.182019
vn -0.5000 -0.0000 0.8660
vn -0.0000 1.0000 -0.0000
vn -0.8660 -0.0000 -0.5000
vn 0.5000 -0.0000 -0.8660
vn -0.0000 -1.0000 -0.0000
vn 0.8660 -0.0000 0.5000
vt 0.000000 1.000000
vt 1.000000 1.000000
vt 1.000000 0.000000
vt 0.000000 0.000000
s 0
usemtl Material.002
f 649/109/163 650/110/163 651/111/163
f 651/111/163 652/112/163 649/109/163
f 653/109/164 654/110/164 655/111/164
f 655/111/164 656/112/164 653/109/164
f 657/109/165 658/110/165 659/111/165
f 659/111/165 660/112/165 657/109/165
f 661/109/166 662/110/166 663/111/166
f 663/111/166 664/112/166 661/109/166
f 665/109/167 666/110/167 667/111/167
f 667/111/167 668/112/167 665/109/167
f 669/109/168 670/110/168 671/111/168
f 671/111/168 672/112/168 669/109/168
